[MotorPosition]
Scara_StandbyPosition=0,0,0,0,0
TakeTop=0,0,0,0,0
TakeDown=0,0,0,0,0
PutTop=0,0,0,0,0
PutDown=0,0,0,0,0
Mylar_StandbyPoint=0,Low
MylarTack=0,Low
MylarPull=0,Low
TakeTop_MotorPos=0,0,0,0,50,Low
TakeDown_MotorPos=0,0,0,0,50,Low
PutTop_MotorPos=0,0,0,0,50,Low
PutDown_MotorPos=0,0,0,0,50,Low
MylarTack_MotorPos=0,50,Low
MylarPull_MotorPos=0,50,Low
Scara_StandbyPosition_MotorPos=-12.0288005713373,131.803198429523,83.2281754827127,-15.0801095541101,5,Low
Scara_MidPoint_MotorPos=-45.2292021482717,1.95999799389392,116.374323744792,-15.0749959191307,5,Low
Scara_TakeTop_MotorPos=-88.3320041955449,259.959733924828,158.607082448085,-18.2539723312948,5,Low
Scara_TakeDown_MotorPos=-88.3320041955449,259.959733924828,158.607082448085,-88.3278169983532,5,Low
Scara_PutTop_MotorPos=-14.8764007065911,189.646472558845,84.0642875176854,-15,5,Low
Scara_PutDown_MotorPos=-14.8764007065911,189.646472558845,84.0642875176854,-366.281150846044,5,Low
Mylar_StandbyPoint_MotorPos=40,5,Low
Mylar_Tack_MotorPos=902,5,Low
Mylar_Put_MotorPos=40,5,Low
ConveyorStop_MotorPos=80.9930036094738,Mid
CCDA1_MotorPos=-94.022,-34.438,Mid
CCDA2_MotorPos=101.27,33.215,Mid
UpperMoverLoad_MotorPos=-70.1150037102634,High
UpperMoverPut_MotorPos=-801.721038459684,High
PinA1_MotorPos=-118.91,Low
PinA2_MotorPos=121.041,Low
LowerMoverPin_MotorPos=-54.909,High
LowerMoverTape_MotorPos=-904.49604006391,High
LowerMoverTape2_MotorPos=-1192.33205953008,High
Tape_A1_MotorPos=-140.994503799535,High
Tape_A2_MotorPos=147.998004132183,High
AluLoad_MotorPos=-5,High
AluPut_MotorPos=-677.908035096247,High
Correction_MotorPos=-180,High
